0 0 1023
14 43 1022
38 82 1019
53 86 1018
59 82 1018
72 84 1017
74 122 1013
84 153 1008
94 178 1003
108 192 999
108 207 996
124 217 992
133 238 986
133 254 982
170 277 970
178 299 962
207 324 948
229 338 938
240 360 927
238 386 917
245 398 910
238 422 901
235 430 898
252 441 888
277 446 878
298 485 850
308 484 847
325 502 830
327 504 828
350 490 827
373 514 802
382 542 779
382 571 758
398 581 742
395 598 730
394 613 718
408 612 711
427 614 698
422 634 683
432 639 672
437 646 662
443 646 658
443 658 646
458 667 626
485 670 602
494 667 598
502 661 598
513 672 576
533 658 574
542 661 562
558 651 558
562 661 542
574 658 533
576 672 513
590 677 490
594 693 462
614 698 427
612 711 408
613 718 394
612 732 369
616 737 352
613 746 338
612 753 324
619 758 298
626 758 283
658 742 251
667 742 226
684 732 207
677 742 194
677 746 178
672 756 153
674 758 133
684 753 108
683 758 74
677 766 38
670 773 10
670 773 -10
677 766 -38
683 758 -74
684 753 -108
674 758 -133
672 756 -153
677 746 -178
677 742 -194
684 732 -207
667 742 -226
658 742 -251
626 758 -283
619 758 -298
612 753 -324
613 746 -338
616 737 -352
612 732 -369
613 718 -394
612 711 -408
614 698 -427
594 693 -462
590 677 -490
576 672 -513
574 658 -533
562 661 -542
558 651 -558
542 661 -562
533 658 -574
513 672 -576
502 661 -598
494 667 -598
485 670 -602
458 667 -626
443 658 -646
443 646 -658
437 646 -662
432 639 -672
422 634 -683
427 614 -698
408 612 -711
394 613 -718
395 598 -730
398 581 -742
382 571 -758
382 542 -779
373 514 -802
350 490 -827
327 504 -828
325 502 -830
308 484 -847
298 485 -850
277 446 -878
252 441 -888
235 430 -898
238 422 -901
245 398 -910
238 386 -917
240 360 -927
229 338 -938
207 324 -948
178 299 -962
170 277 -970
133 254 -982
133 238 -986
124 217 -992
108 207 -996
108 192 -999
94 178 -1003
84 153 -1008
74 122 -1013
72 84 -1017
59 82 -1018
53 86 -1018
38 82 -1019
14 43 -1022
0 0 -1023
